{\rtf1\ansi\ansicpg1252\cocoartf1404\cocoasubrtf110
{\fonttbl\f0\froman\fcharset0 TimesNewRomanPSMT;}
{\colortbl;\red255\green255\blue255;}
\margl1440\margr1440\vieww10800\viewh8400\viewkind0
\deftab720
\pard\pardeftab720\ri0\partightenfactor0

\f0\fs24 \cf0 >>> correctDistanceMatrix(M)\
[[0.0, 0.23564668344606537, 0.20074652266323734, 0.19819332870869383, 0.1880665925800865, 0.19058548663617542, 0.26478540128709005, 0.1698487496008626, 0.19226946152190216, 0.19226946152190216, 0.18056027471031644, 0.17807477119332937, 0.16903108803274536, 0.18388714459539143, 0.17559747744565976, 0.17642233317930647], [0.23564668344606537, 0.0, 0.13312952529345193, 0.12383908391852266, 0.12460890692587967, 0.12769612507544545, 0.19226946152190216, 0.09663892342432703, 0.12692312835644348, 0.12383908391852266, 0.11770878158845222, 0.12000177700579645, 0.12000177700579645, 0.11618400342622195, 0.11011570230651255, 0.11087156026942513], [0.20074652266323734, 0.13312952529345193, 0.0, 0.04919796186430908, 0.0689591614789673, 0.07326230500717962, 0.1698487496008626, 0.07326230500717962, 0.1018511558693018, 0.10484591901979376, 0.09886830331711444, 0.09886830331711444, 0.09812444012696198, 0.09886830331711444, 0.08999027116682669, 0.09293795366416051], [0.19819332870869383, 0.12383908391852266, 0.04919796186430908, 0.0, 0.056899313080986336, 0.05830809489937703, 0.1657693269788072, 0.061133622140466706, 0.09367668802577223, 0.09886830331711444, 0.08705412843954552, 0.09441615074280049, 0.09146266427774144, 0.08778708720786395, 0.0812161033404543, 0.08194337612481727], [0.1880665925800865, 0.12460890692587967, 0.0689591614789673, 0.056899313080986336, 0.0, 0.0258817984529639, 0.1544635947265001, 0.05830809489937703, 0.08485954018753379, 0.08999027116682669, 0.07614484518779832, 0.07759028047015412, 0.07542317084778578, 0.0783140440968789, 0.06753024940112912, 0.07039080114057024], [0.19058548663617542, 0.12769612507544545, 0.07326230500717962, 0.05830809489937703, 0.0258817984529639, 0.0, 0.1649560983829251, 0.056899313080986336, 0.09441615074280049, 0.09812444012696198, 0.08485954018697389, 0.08340004082159488, 0.0812161033404543, 0.08485954018753379, 0.07614484518779832, 0.07903850684337108], [0.26478540128709005, 0.19226946152190216, 0.1698487496008626, 0.1657693269788072, 0.1544635947265001, 0.1649560983829251, 0.0, 0.13157310450215637, 0.1284699193138758, 0.13157310450215637, 0.12230180436371671, 0.12230180436371671, 0.12383908391852266, 0.12076766933589282, 0.11238556532485765, 0.11314371550336166], [0.1698487496008626, 0.09663892342432703, 0.07326230500717962, 0.061133622140466706, 0.05830809489937703, 0.056899313080986336, 0.13157310450215637, 0.0, 0.06255038761487466, 0.06255038761487466, 0.05479108962677742, 0.059719527920010396, 0.05830809489937703, 0.052688775706468655, 0.04364623630620459, 0.04641696215420612], [0.19226946152190216, 0.12692312835644348, 0.1018511558693018, 0.09367668802577223, 0.08485954018753379, 0.09441615074280049, 0.1284699193138758, 0.06255038761487466, 0.0, 0.026557322029463197, 0.05619591326390372, 0.05338889244341371, 0.05198931191131744, 0.05338889244341371, 0.04088570868994701, 0.04780617301676478], [0.19226946152190216, 0.12383908391852266, 0.10484591901979376, 0.09886830331711444, 0.08999027116682669, 0.09812444012696198, 0.13157310450215637, 0.06255038761487466, 0.026557322029463197, 0.0, 0.05901347938588075, 0.05408966334231978, 0.05408966334231978, 0.04919796186430908, 0.04157488861448559, 0.04780617301676478], [0.18056027471031644, 0.11770878158845222, 0.09886830331711444, 0.08705412843954552, 0.07614484518779832, 0.08485954018697389, 0.12230180436371671, 0.05479108962677742, 0.05619591326390372, 0.05901347938588075, 0.0, 0.04919796186430908, 0.04850174459455056, 0.04433795874397655, 0.034028518065534585, 0.03539494978031363], [0.17807477119332937, 0.12000177700579645, 0.09886830331711444, 0.09441615074280049, 0.07759028047015412, 0.08340004082159488, 0.12230180436371671, 0.059719527920010396, 0.05338889244341371, 0.05408966334231978, 0.04919796186430908, 0.0, 0.009188476335386137, 0.034028518065534585, 0.03130310057622038, 0.038821960540756824], [0.16903108803274536, 0.12000177700579645, 0.09812444012696198, 0.09146266427774144, 0.07542317084778578, 0.0812161033404543, 0.12383908391852266, 0.05830809489937703, 0.05198931191131744, 0.05408966334231978, 0.04850174459455056, 0.009188476335386137, 0.0, 0.03539494978031363, 0.029944096806888698, 0.038821960540756824], [0.18388714459539143, 0.11618400342622195, 0.09886830331711444, 0.08778708720786395, 0.0783140440968789, 0.08485954018753379, 0.12076766933589282, 0.052688775706468655, 0.05338889244341371, 0.04919796186430908, 0.04433795874397655, 0.034028518065534585, 0.03539494978031363, 0.0, 0.02926551725370783, 0.03471142273369529], [0.17559747744565976, 0.11011570230651255, 0.08999027116682669, 0.0812161033404543, 0.06753024940112912, 0.07614484518779832, 0.11238556532485765, 0.04364623630620459, 0.04088570868994701, 0.04157488861448559, 0.034028518065534585, 0.03130310057622038, 0.029944096806888698, 0.02926551725370783, 0.0, 0.0238588707262406], [0.17642233317930647, 0.11087156026942513, 0.09293795366416051, 0.08194337612481727, 0.07039080114057024, 0.07903850684337108, 0.11314371550336166, 0.04641696215420612, 0.04780617301676478, 0.04780617301676478, 0.03539494978031363, 0.038821960540756824, 0.038821960540756824, 0.03471142273369529, 0.0238588707262406, 0.0]]\
\
>>> newmatrix = correctDistanceMatrix(M)\
>>> ultrametrify(newmatrix)\
([[0, 0.16903108803274536, 0.16903108803274536, 0.16903108803274536, 0.16903108803274536, 0.16903108803274536, 0.16903108803274536, 0.16903108803274536, 0.16903108803274536, 0.16903108803274536, 0.16903108803274536, 0.16903108803274536, 0.16903108803274536, 0.16903108803274536, 0.16903108803274536, 0.16903108803274536], [0.16903108803274536, 0, 0.09663892342432703, 0.09663892342432703, 0.09663892342432703, 0.09663892342432703, 0.11238556532485765, 0.09663892342432703, 0.09663892342432703, 0.09663892342432703, 0.09663892342432703, 0.09663892342432703, 0.09663892342432703, 0.09663892342432703, 0.09663892342432703, 0.09663892342432703], [0.16903108803274536, 0.09663892342432703, 0, 0.04919796186430908, 0.056899313080986336, 0.056899313080986336, 0.11238556532485765, 0.056899313080986336, 0.056899313080986336, 0.056899313080986336, 0.056899313080986336, 0.056899313080986336, 0.056899313080986336, 0.056899313080986336, 0.056899313080986336, 0.056899313080986336], [0.16903108803274536, 0.09663892342432703, 0.04919796186430908, 0, 0.056899313080986336, 0.056899313080986336, 0.11238556532485765, 0.056899313080986336, 0.056899313080986336, 0.056899313080986336, 0.056899313080986336, 0.056899313080986336, 0.056899313080986336, 0.056899313080986336, 0.056899313080986336, 0.056899313080986336], [0.16903108803274536, 0.09663892342432703, 0.056899313080986336, 0.056899313080986336, 0, 0.0258817984529639, 0.11238556532485765, 0.056899313080986336, 0.056899313080986336, 0.056899313080986336, 0.056899313080986336, 0.056899313080986336, 0.056899313080986336, 0.056899313080986336, 0.056899313080986336, 0.056899313080986336], [0.16903108803274536, 0.09663892342432703, 0.056899313080986336, 0.056899313080986336, 0.0258817984529639, 0, 0.11238556532485765, 0.056899313080986336, 0.056899313080986336, 0.056899313080986336, 0.056899313080986336, 0.056899313080986336, 0.056899313080986336, 0.056899313080986336, 0.056899313080986336, 0.056899313080986336], [0.16903108803274536, 0.11238556532485765, 0.11238556532485765, 0.11238556532485765, 0.11238556532485765, 0.11238556532485765, 0, 0.11238556532485765, 0.11238556532485765, 0.11238556532485765, 0.11238556532485765, 0.11238556532485765, 0.11238556532485765, 0.11238556532485765, 0.11238556532485765, 0.11238556532485765], [0.16903108803274536, 0.09663892342432703, 0.056899313080986336, 0.056899313080986336, 0.056899313080986336, 0.056899313080986336, 0.11238556532485765, 0, 0.04364623630620459, 0.04364623630620459, 0.04364623630620459, 0.04364623630620459, 0.04364623630620459, 0.04364623630620459, 0.04364623630620459, 0.04364623630620459], [0.16903108803274536, 0.09663892342432703, 0.056899313080986336, 0.056899313080986336, 0.056899313080986336, 0.056899313080986336, 0.11238556532485765, 0.04364623630620459, 0, 0.026557322029463197, 0.04088570868994701, 0.04088570868994701, 0.04088570868994701, 0.04088570868994701, 0.04088570868994701, 0.04088570868994701], [0.16903108803274536, 0.09663892342432703, 0.056899313080986336, 0.056899313080986336, 0.056899313080986336, 0.056899313080986336, 0.11238556532485765, 0.04364623630620459, 0.026557322029463197, 0, 0.04088570868994701, 0.04088570868994701, 0.04088570868994701, 0.04088570868994701, 0.04088570868994701, 0.04088570868994701], [0.16903108803274536, 0.09663892342432703, 0.056899313080986336, 0.056899313080986336, 0.056899313080986336, 0.056899313080986336, 0.11238556532485765, 0.04364623630620459, 0.04088570868994701, 0.04088570868994701, 0, 0.034028518065534585, 0.034028518065534585, 0.034028518065534585, 0.034028518065534585, 0.034028518065534585], [0.16903108803274536, 0.09663892342432703, 0.056899313080986336, 0.056899313080986336, 0.056899313080986336, 0.056899313080986336, 0.11238556532485765, 0.04364623630620459, 0.04088570868994701, 0.04088570868994701, 0.034028518065534585, 0, 0.009188476335386137, 0.029944096806888698, 0.029944096806888698, 0.029944096806888698], [0.16903108803274536, 0.09663892342432703, 0.056899313080986336, 0.056899313080986336, 0.056899313080986336, 0.056899313080986336, 0.11238556532485765, 0.04364623630620459, 0.04088570868994701, 0.04088570868994701, 0.034028518065534585, 0.009188476335386137, 0, 0.029944096806888698, 0.029944096806888698, 0.029944096806888698], [0.16903108803274536, 0.09663892342432703, 0.056899313080986336, 0.056899313080986336, 0.056899313080986336, 0.056899313080986336, 0.11238556532485765, 0.04364623630620459, 0.04088570868994701, 0.04088570868994701, 0.034028518065534585, 0.029944096806888698, 0.029944096806888698, 0, 0.02926551725370783, 0.02926551725370783], [0.16903108803274536, 0.09663892342432703, 0.056899313080986336, 0.056899313080986336, 0.056899313080986336, 0.056899313080986336, 0.11238556532485765, 0.04364623630620459, 0.04088570868994701, 0.04088570868994701, 0.034028518065534585, 0.029944096806888698, 0.029944096806888698, 0.02926551725370783, 0, 0.0238588707262406], [0.16903108803274536, 0.09663892342432703, 0.056899313080986336, 0.056899313080986336, 0.056899313080986336, 0.056899313080986336, 0.11238556532485765, 0.04364623630620459, 0.04088570868994701, 0.04088570868994701, 0.034028518065534585, 0.029944096806888698, 0.029944096806888698, 0.02926551725370783, 0.0238588707262406, 0]], 38.777097151722295)\
\
Percent Change Reported = 38.7%\
\
#making the new ultrametrified tree in Newick Branched Formatt\
>>> ultrametrified = ultrametrify(newmatrix)[0]\
>>> tree = buildTree(L,ultrametrified)\
>>> branched = toNewickBranchLengths(tree)\
>>> branched\
'(Pineapple:0.08451554401637268,(Pampas_grass:0.056192782662428824,(Rice:0.04831946171216352,(((Golden_bamboo:0.021823118153102294,((Purple:0.017014259032767293,((St_Augustine_grass:0.014632758626853915,(Woodoats:0.0119294353631203,Giant_reed:0.0119294353631203):0.0027033232637336153):0.0003392897765904339,(Sugarcane:0.004594238167693068,Sorghum:0.004594238167693068):0.01037781023575128):0.0020422106293229436):0.003428595312206212,(Finger_millet:0.013278661014731599,Bermuda_grass:0.013278661014731599):0.007164193330241906):0.0013802638081287892):0.006626538387390874,(Wheat:0.01294089922648195,Barley:0.01294089922648195):0.015508757314011218):0.0,(Oats:0.02459898093215454,Kentucky_bluegrass:0.02459898093215454):0.0038506756083386273):0.01986980517167035):0.007873320950265307):0.028322761353943855)'\
#the original uncorrected tree in Newick Formatt\
tree = buildTree(L,M)\
\
>>> toNewickBranchLengths(tree)\
'(Pampas_grass:0.1115459882585,(Rice:0.1011089367255,(Oats:0.088062622309,(Kentucky_bluegrass:0.087084148728,((Finger_millet:0.0130463144162,Bermuda_grass:0.0130463144162):0.0717547292888,(Barley:0.0841487279845,(Wheat:0.083170254403,(St_Augustine_grass:0.081539465101,(Purple:0.0802348336595,(Sugarcane:0.0792563600785,(Giant_reed:0.0786040443575,(Woodoats:0.078277886497,(Golden_bamboo:0.075994781474,(Pineapple:0.075668623614,Sorghum:0.075668623614):0.00032615786000000924):0.0022831050229999983):0.0003261578604999982):0.0006523157209999964):0.0009784735810000056):0.0013046314415000038):0.001630789301999988):0.0009784735815000084):0.0006523157204999935):0.0022831050229999983):0.0009784735810000056):0.013046314416500004):0.010437051532999994)'\
\
\
}